505
511
516
521
529
536
540
541
543
547
551
567
571
573
575
577
583
585
587
591
599
601
607
612
621
624
625
628
635
653
658
666
672
673
676
678
679
719
720
721
722
728
729
731
733
737
738
741
743
744
752
757
764
771
782
784
787
790
793
818
824
831
852
869
873
875
884
893
908
919
923
940
948
949
962
963
972
987
998
1007
1008
1018
1061
1065
1071
1089
1113
1134
1140
1157
1174
1206
1224
1297
1371
1383
1387
1395
1428
1433
1439
1440
1442
1462
1470
1489
1493
1506
1535
1545
1599
1642
1696
1771
1847
1874
1901
1921
1961
1968
1978
1982
2142
2146
2427
2431
2432
2435
2441
2447
2448
2452
2454
2456
2457
2470
2490
2514
2705
3134
3173
3227
3246
3264
3266
3268
3278
3282
3286
3295
3296
3297
3298
3304
3306
3309
3326
3327
3331
3334
3336
3337
3343
3346
3349
3350
3353
3355
3356
3359
3360
3367
3368
3370
3373
3375
3381
3382
3386
3389
3392
3393
3398
3399
3403
3405
3406
3408
3412
3414
3427
3435
3438
3443
3444
3448
3454
3457
3459
3461
3467
3471
3477
3480
3486
3489
3493
3499
3502
3503
3505
3511
3515
3516
3522
3523
3524
3536
3537
3538
3539
3540
3541
3543
3544
3549
3552
3554
3555
3558
3562
3566
3567
3570
3572
3575
3578
3585
3592
3597
3598
3601
3607
3612
3614
3617
3628
3638
3640
3642
3643
3653
3655
3656
3660
3662
3664
3667
3669
3671
3672
3678
3679
3684
3688
3693
3697
3699
3700
3701
3703
3705
3708
3709
3710
3712
3713
3720
3722
3725
3726
3731
3733
3735
3739
3740
3741
3743
3745
3747
3751
3753
3757
3758
3759
3763
3769
3774
3779
3780
